58
212 10 229 91
310 12 347 31
265 11 296 32
210 7 246 32
331 8 348 208
314 168 350 189
333 249 346 284
333 297 345 496
320 480 349 498
281 481 301 496
239 481 264 497
240 418 252 500
41 279 51 464
86 250 99 294
206 270 215 295
36 280 219 295
213 157 229 189
183 163 233 175
86 161 129 178
83 153 100 209
205 311 219 464
245 268 342 281
249 268 265 311
276 299 342 309
240 363 344 369
431 158 447 291
429 158 480 179
514 157 566 179
578 164 637 177
677 164 694 176
681 159 699 315
683 355 698 439
680 425 691 490
669 477 698 494
629 478 657 496
591 478 619 492
591 457 602 500
546 456 601 468
487 456 529 470
438 457 469 468
437 368 450 473
435 286 449 326
590 169 606 284
574 247 608 259
527 245 562 260
525 191 535 257
480 279 556 288
544 276 561 310
439 296 508 312
431 391 487 400
500 390 579 404
561 389 574 439
499 394 517 438
503 429 528 438
546 428 574 440
590 361 688 374
541 325 558 401
592 298 690 312
